S0 = 106
U = 0.15125
D = -0.13138
R = 0.00545
N = 8
K = 100
European call prices by PriceByCRR:21.6811

European call prices by PriceByCRRHW6:21.6811

Stock positions in replicating strategy:

       0.671687
       0.519823       0.793779
       0.340754       0.663788       0.898288
       0.164433       0.482509       0.809529       0.969646
       0.039272       0.265059       0.657332       0.931891       1.000000
       0.000000       0.070844       0.421200       0.847173       1.000000       1.000000
       0.000000       0.000000       0.127801       0.657082       1.000000       1.000000       1.000000
       0.000000       0.000000       0.000000       0.230548       1.000000       1.000000       1.000000       1.000000

Money market account positions in replicating strategy:

     -49.517673
     -35.804903     -64.686828
     -21.678622     -51.260309     -79.721732
      -9.547825     -34.848707     -69.324838     -91.697652
      -2.047258     -17.647580     -53.569769     -86.893151     -97.849382
       0.000000      -4.251772     -32.120224     -77.028506     -98.382661     -98.382661
       0.000000       0.000000      -8.830135     -57.298701     -98.918846     -98.918846     -98.918846
       0.000000       0.000000       0.000000     -18.338539     -99.457954     -99.457954     -99.457954     -99.457954

N = 8
K = 100.000000
European put prices by PriceByCRR:11.426118

European put prices by PriceByCRRHW6:11.426118

Stock positions in replicating strategy:

      -0.328313
      -0.480177      -0.206221
      -0.659246      -0.336212      -0.101712
      -0.835567      -0.517491      -0.190471      -0.030354
      -0.960728      -0.734941      -0.342668      -0.068109       0.000000
      -1.000000      -0.929156      -0.578800      -0.152827       0.000000       0.000000
      -1.000000      -1.000000      -0.872199      -0.342918       0.000000       0.000000       0.000000
      -1.000000      -1.000000      -1.000000      -0.769452       0.000000       0.000000       0.000000       0.000000

Money market account positions in replicating strategy:

      46.227343
      60.461923      31.579997
      75.112857      45.531171      17.069748
      87.771169      62.470286      27.994156       5.621341
      95.802124      80.201802      44.279612      10.956231       0.000000
      98.382661      94.130889      66.262437      21.354155       0.000000       0.000000
      98.918846      98.918846      90.088712      41.620146       0.000000       0.000000       0.000000
      99.457954      99.457954      99.457954      81.119415       0.000000       0.000000       0.000000       0.000000

